MEME version 4.12.0

ALPHABET= ACGT

strands: + -

Background letter frequencies (from unknown source):
A 0.260 C 0.240 G 0.240 T 0.260

MOTIF denovo_ubx denovo_ubx

log-odds matrix: alength= 4 w= 11 E= 4.2e-080
   -92   -260   -150    150
    47   -568     47     22
   149   -237   -158    -89
  -330  -1469   -367    187
  -330   -499   -340    186
  -352  -1469   -340    187
   192  -1469   -399  -1469
 -1469   -318  -1469    190
  -211   -240    126     30
   -13   -153     94    -25
  -152     60     26      0


letter-probability matrix: alength= 4 w= 11 nsites= 265 E= 4.2e-080
0.137814 0.039544 0.084827 0.737814
0.359473 0.004678 0.332980 0.302869
0.733058 0.046187 0.080149 0.140605
0.026415 0.000000 0.018868 0.954717
0.026415 0.007547 0.022642 0.943396
0.022642 0.000000 0.022642 0.954717
0.984906 0.000000 0.015094 0.000000
0.000000 0.026415 0.000000 0.973585
0.060377 0.045283 0.573585 0.320755
0.237736 0.083019 0.460377 0.218868
0.090566 0.362264 0.286792 0.260377

MEME version 4

ALPHABET= ACGT

strands: + -

Background letter frequencies (from uniform background):
A 0.25000 C 0.25000 G 0.25000 T 0.25000 

MOTIF GrainTF Grain

letter-probability matrix: alength= 4 w= 22 nsites= 20 E= 0
  0.151572	  0.262753	  0.258275	  0.327401	
  0.221834	  0.113385	  0.275380	  0.389400	
  0.297769	  0.136928	  0.134678	  0.430625	
  0.270099	  0.110415	  0.271106	  0.348380	
  0.265471	  0.090253	  0.223340	  0.420936	
  0.616582	  0.090091	  0.171960	  0.121367	
  0.197318	  0.107541	  0.406904	  0.288237	
  0.798258	  0.046950	  0.001406	  0.153385	
  0.003195	  0.002516	  0.989707	  0.004582	
  0.991503	  0.002748	  0.002617	  0.003132	
  0.005015	  0.002764	  0.003026	  0.989195	
  0.948394	  0.008932	  0.001344	  0.041330	
  0.973109	  0.004100	  0.004081	  0.018710	
  0.040365	  0.113905	  0.828185	  0.017545	
  0.736608	  0.130524	  0.113464	  0.019404	
  0.415921	  0.106101	  0.316613	  0.161365	
  0.376582	  0.170927	  0.155572	  0.296919	
  0.137731	  0.197151	  0.211055	  0.454064	
  0.324853	  0.122747	  0.246107	  0.306293	
  0.462490	  0.207311	  0.159392	  0.170807	
  0.380420	  0.188972	  0.311990	  0.118618	
  0.222178	  0.157873	  0.380486	  0.239463	

MEME version 4

ALPHABET= ACGT

strands: + -

Background letter frequencies
A 0.25 C 0.25 G 0.25 T 0.25

MOTIF MA0010.1 br
letter-probability matrix: alength= 4 w= 14 nsites= 9 E= 0
 0.333333  0.111111  0.444444  0.111111
 0.111111  0.111111  0.111111  0.666667
 0.555556  0.222222  0.111111  0.111111
 0.777778  0.000000  0.111111  0.111111
 0.333333  0.000000  0.000000  0.666667
 0.666667  0.000000  0.000000  0.333333
 0.444444  0.111111  0.444444  0.000000
 0.777778  0.000000  0.111111  0.111111
 0.111111  0.888889  0.000000  0.000000
 1.000000  0.000000  0.000000  0.000000
 0.888889  0.000000  0.111111  0.000000
 0.555556  0.000000  0.333333  0.111111
 0.444444  0.000000  0.000000  0.555556
 0.222222  0.333333  0.222222  0.222222
URL http://jaspar.genereg.net/matrix/MA0010.1

MOTIF MA0011.1 br(var.2)
letter-probability matrix: alength= 4 w= 8 nsites= 12 E= 0
 0.250000  0.083333  0.083333  0.583333
 0.416667  0.166667  0.083333  0.333333
 0.000000  0.833333  0.000000  0.166667
 0.000000  0.083333  0.000000  0.916667
 1.000000  0.000000  0.000000  0.000000
 0.083333  0.083333  0.166667  0.666667
 0.166667  0.000000  0.083333  0.750000
 0.083333  0.166667  0.083333  0.666667
URL http://jaspar.genereg.net/matrix/MA0011.1

MOTIF MA0012.1 br(var.3)
letter-probability matrix: alength= 4 w= 11 nsites= 12 E= 0
 0.250000  0.083333  0.083333  0.583333
 0.750000  0.166667  0.083333  0.000000
 0.833333  0.000000  0.000000  0.166667
 1.000000  0.000000  0.000000  0.000000
 0.000000  0.833333  0.083333  0.083333
 0.333333  0.000000  0.000000  0.666667
 0.833333  0.000000  0.000000  0.166667
 0.500000  0.000000  0.333333  0.166667
 0.500000  0.083333  0.166667  0.250000
 0.333333  0.250000  0.166667  0.250000
 0.166667  0.250000  0.416667  0.166667
URL http://jaspar.genereg.net/matrix/MA0012.1

MOTIF MA0536.1 pnr
letter-probability matrix: alength= 4 w= 11 nsites= 869 E= 0
 0.094361  0.207135  0.005754  0.692750
 0.922900  0.000000  0.000000  0.077100
 0.000000  0.036824  0.001151  0.962025
 0.000000  1.000000  0.000000  0.000000
 0.000000  0.000000  1.000000  0.000000
 1.000000  0.000000  0.000000  0.000000
 0.000000  0.000000  0.000000  1.000000
 0.667434  0.000000  0.100115  0.232451
 0.141542  0.000000  0.609896  0.248562
 0.066743  0.319908  0.223245  0.390104
 0.104718  0.314154  0.126582  0.454545
URL http://jaspar.genereg.net/matrix/MA0536.1

MOTIF MA0013.1 br(var.4)
letter-probability matrix: alength= 4 w= 11 nsites= 6 E= 0
 0.166667  0.166667  0.000000  0.666667
 0.666667  0.000000  0.000000  0.333333
 0.333333  0.000000  0.666667  0.000000
 0.166667  0.000000  0.000000  0.833333
 0.833333  0.000000  0.166667  0.000000
 1.000000  0.000000  0.000000  0.000000
 0.833333  0.000000  0.166667  0.000000
 0.166667  0.500000  0.166667  0.166667
 0.500000  0.000000  0.166667  0.333333
 0.833333  0.000000  0.000000  0.166667
 0.500000  0.166667  0.000000  0.333333
URL http://jaspar.genereg.net/matrix/MA0013.1

MOTIF MA0015.1 Cf2
letter-probability matrix: alength= 4 w= 10 nsites= 80 E= 0
 0.312500  0.162500  0.500000  0.025000
 0.012500  0.025000  0.012500  0.950000
 0.925000  0.025000  0.050000  0.000000
 0.000000  0.112500  0.050000  0.837500
 0.975000  0.025000  0.000000  0.000000
 0.012500  0.050000  0.012500  0.925000
 0.512500  0.025000  0.450000  0.012500
 0.025000  0.112500  0.012500  0.850000
 0.662500  0.037500  0.250000  0.050000
 0.150000  0.362500  0.187500  0.300000
URL http://jaspar.genereg.net/matrix/MA0015.1

MOTIF MA0016.1 usp
letter-probability matrix: alength= 4 w= 10 nsites= 38 E= 0
 0.000000  0.026316  0.973684  0.000000
 0.026316  0.000000  0.947368  0.026316
 0.000000  0.000000  1.000000  0.000000
 0.000000  0.000000  1.000000  0.000000
 0.000000  0.000000  0.000000  1.000000
 0.000000  0.947368  0.026316  0.026316
 0.921053  0.000000  0.078947  0.000000
 0.131579  0.657895  0.078947  0.131579
 0.131579  0.210526  0.578947  0.078947
 0.157895  0.263158  0.421053  0.157895
URL http://jaspar.genereg.net/matrix/MA0016.1

MOTIF MA0022.1 dl
letter-probability matrix: alength= 4 w= 12 nsites= 13 E= 0
 0.000000  0.384615  0.461538  0.153846
 0.000000  0.000000  0.923077  0.076923
 0.000000  0.076923  0.846154  0.076923
 0.000000  0.000000  0.769231  0.230769
 0.076923  0.076923  0.230769  0.615385
 0.076923  0.000000  0.153846  0.769231
 0.076923  0.000000  0.000000  0.923077
 0.000000  0.000000  0.000000  1.000000
 0.000000  0.230769  0.000000  0.769231
 0.076923  0.692308  0.000000  0.230769
 0.076923  0.692308  0.076923  0.153846
 0.230769  0.384615  0.384615  0.000000
URL http://jaspar.genereg.net/matrix/MA0022.1

MOTIF MA0026.1 Eip74EF
letter-probability matrix: alength= 4 w= 7 nsites= 17 E= 0
 0.117647  0.705882  0.117647  0.058824
 0.294118  0.705882  0.000000  0.000000
 0.000000  0.000000  1.000000  0.000000
 0.000000  0.000000  1.000000  0.000000
 1.000000  0.000000  0.000000  0.000000
 1.000000  0.000000  0.000000  0.000000
 0.294118  0.058824  0.588235  0.058824
URL http://jaspar.genereg.net/matrix/MA0026.1

MOTIF MA0049.1 hb
letter-probability matrix: alength= 4 w= 10 nsites= 16 E= 0
 0.062500  0.312500  0.500000  0.125000
 0.375000  0.500000  0.125000  0.000000
 0.562500  0.187500  0.250000  0.000000
 0.250000  0.187500  0.062500  0.500000
 0.812500  0.062500  0.000000  0.125000
 1.000000  0.000000  0.000000  0.000000
 1.000000  0.000000  0.000000  0.000000
 0.875000  0.000000  0.125000  0.000000
 0.937500  0.062500  0.000000  0.000000
 0.562500  0.125000  0.125000  0.187500
URL http://jaspar.genereg.net/matrix/MA0049.1

MOTIF MA0085.1 Su(H)
letter-probability matrix: alength= 4 w= 16 nsites= 10 E= 0
 0.100000  0.300000  0.300000  0.300000
 0.000000  0.400000  0.000000  0.600000
 0.000000  0.000000  1.000000  0.000000
 0.000000  0.000000  0.000000  1.000000
 0.000000  0.000000  1.000000  0.000000
 0.300000  0.000000  0.700000  0.000000
 0.000000  0.000000  1.000000  0.000000
 1.000000  0.000000  0.000000  0.000000
 1.000000  0.000000  0.000000  0.000000
 0.500000  0.500000  0.000000  0.000000
 0.100000  0.700000  0.100000  0.100000
 0.100000  0.200000  0.400000  0.300000
 0.400000  0.200000  0.200000  0.200000
 0.300000  0.100000  0.400000  0.200000
 0.400000  0.300000  0.200000  0.100000
 0.200000  0.100000  0.200000  0.500000
URL http://jaspar.genereg.net/matrix/MA0085.1

MOTIF MA0126.1 ovo
letter-probability matrix: alength= 4 w= 9 nsites= 21 E= 0
 0.476190  0.190476  0.000000  0.333333
 0.047619  0.190476  0.666667  0.095238
 0.190476  0.095238  0.095238  0.619048
 0.952381  0.000000  0.000000  0.047619
 1.000000  0.000000  0.000000  0.000000
 0.000000  1.000000  0.000000  0.000000
 0.333333  0.238095  0.142857  0.285714
 0.000000  0.000000  1.000000  0.000000
 0.238095  0.190476  0.095238  0.476190
URL http://jaspar.genereg.net/matrix/MA0126.1

MOTIF MA0168.1 B-H1
letter-probability matrix: alength= 4 w= 7 nsites= 21 E= 0
 0.190476  0.190476  0.000000  0.619048
 0.000000  0.000000  0.000000  1.000000
 1.000000  0.000000  0.000000  0.000000
 1.000000  0.000000  0.000000  0.000000
 0.380952  0.000000  0.000000  0.619048
 0.047619  0.333333  0.000000  0.619048
 0.047619  0.000000  0.952381  0.000000
URL http://jaspar.genereg.net/matrix/MA0168.1

MOTIF MA0172.1 CG11294
letter-probability matrix: alength= 4 w= 7 nsites= 15 E= 0
 0.000000  0.200000  0.000000  0.800000
 0.000000  0.133333  0.000000  0.866667
 1.000000  0.000000  0.000000  0.000000
 1.000000  0.000000  0.000000  0.000000
 0.000000  0.000000  0.000000  1.000000
 0.000000  0.000000  0.000000  1.000000
 1.000000  0.000000  0.000000  0.000000
URL http://jaspar.genereg.net/matrix/MA0172.1

MOTIF MA0173.1 CG11617
letter-probability matrix: alength= 4 w= 7 nsites= 17 E= 0
 0.058824  0.000000  0.000000  0.941176
 0.000000  0.000000  0.000000  1.000000
 0.588235  0.000000  0.176471  0.235294
 1.000000  0.000000  0.000000  0.000000
 0.000000  1.000000  0.000000  0.000000
 1.000000  0.000000  0.000000  0.000000
 0.000000  0.000000  0.000000  1.000000
URL http://jaspar.genereg.net/matrix/MA0173.1

MOTIF MA0183.1 HHEX
letter-probability matrix: alength= 4 w= 8 nsites= 26 E= 0
 0.269231  0.115385  0.076923  0.538462
 0.000000  0.269231  0.000000  0.730769
 0.000000  0.230769  0.269231  0.500000
 0.807692  0.000000  0.076923  0.115385
 1.000000  0.000000  0.000000  0.000000
 0.000000  0.115385  0.115385  0.769231
 0.269231  0.000000  0.038462  0.692308
 0.846154  0.000000  0.153846  0.000000
URL http://jaspar.genereg.net/matrix/MA0183.1

MOTIF MA0185.1 Deaf1
letter-probability matrix: alength= 4 w= 6 nsites= 10 E= 0
 0.000000  0.300000  0.000000  0.700000
 0.000000  0.000000  0.000000  1.000000
 0.000000  1.000000  0.000000  0.000000
 0.000000  0.000000  1.000000  0.000000
 0.000000  0.000000  0.500000  0.500000
 0.100000  0.300000  0.400000  0.200000
URL http://jaspar.genereg.net/matrix/MA0185.1

MOTIF MA0188.1 Dr
letter-probability matrix: alength= 4 w= 7 nsites= 21 E= 0
 0.047619  0.619048  0.285714  0.047619
 0.000000  0.761905  0.000000  0.238095
 1.000000  0.000000  0.000000  0.000000
 1.000000  0.000000  0.000000  0.000000
 0.000000  0.000000  0.000000  1.000000
 0.000000  0.000000  0.000000  1.000000
 1.000000  0.000000  0.000000  0.000000
URL http://jaspar.genereg.net/matrix/MA0188.1

MOTIF MA0190.1 Gsc
letter-probability matrix: alength= 4 w= 6 nsites= 22 E= 0
 0.000000  0.000000  0.000000  1.000000
 1.000000  0.000000  0.000000  0.000000
 1.000000  0.000000  0.000000  0.000000
 0.000000  0.000000  0.000000  1.000000
 0.000000  1.000000  0.000000  0.000000
 0.000000  0.636364  0.090909  0.272727
URL http://jaspar.genereg.net/matrix/MA0190.1

MOTIF MA0193.1 schlank
letter-probability matrix: alength= 4 w= 7 nsites= 19 E= 0
 0.000000  1.000000  0.000000  0.000000
 0.000000  0.473684  0.000000  0.526316
 0.894737  0.105263  0.000000  0.000000
 0.052632  0.947368  0.000000  0.000000
 0.000000  0.631579  0.000000  0.368421
 0.947368  0.000000  0.052632  0.000000
 0.631579  0.000000  0.210526  0.157895
URL http://jaspar.genereg.net/matrix/MA0193.1

MOTIF MA0199.1 Optix
letter-probability matrix: alength= 4 w= 5 nsites= 27 E= 0
 0.000000  0.185185  0.000000  0.814815
 0.000000  0.000000  1.000000  0.000000
 1.000000  0.000000  0.000000  0.000000
 0.000000  0.000000  0.000000  1.000000
 0.962963  0.000000  0.037037  0.000000
URL http://jaspar.genereg.net/matrix/MA0199.1

MOTIF MA0205.1 Trl
letter-probability matrix: alength= 4 w= 10 nsites= 71 E= 0
 0.056338  0.309859  0.126761  0.507042
 0.084507  0.323944  0.154930  0.436620
 0.169014  0.084507  0.422535  0.323944
 0.000000  0.901408  0.042254  0.056338
 0.042254  0.000000  0.197183  0.760563
 0.014085  0.985915  0.000000  0.000000
 0.183099  0.000000  0.028169  0.788732
 0.070423  0.760563  0.098592  0.070423
 0.098592  0.183099  0.154930  0.563380
 0.126761  0.464789  0.140845  0.267606
URL http://jaspar.genereg.net/matrix/MA0205.1

MOTIF MA0211.1 bap
letter-probability matrix: alength= 4 w= 7 nsites= 23 E= 0
 0.000000  0.000000  0.043478  0.956522
 0.000000  0.000000  0.000000  1.000000
 1.000000  0.000000  0.000000  0.000000
 1.000000  0.000000  0.000000  0.000000
 0.000000  0.000000  1.000000  0.000000
 0.043478  0.000000  0.000000  0.956522
 0.304348  0.000000  0.695652  0.000000
URL http://jaspar.genereg.net/matrix/MA0211.1

MOTIF MA0213.1 brk
letter-probability matrix: alength= 4 w= 8 nsites= 10 E= 0
 0.100000  0.500000  0.400000  0.000000
 0.000000  0.400000  0.000000  0.600000
 0.000000  0.000000  1.000000  0.000000
 0.000000  0.000000  1.000000  0.000000
 0.000000  1.000000  0.000000  0.000000
 0.100000  0.000000  0.900000  0.000000
 0.100000  0.800000  0.000000  0.100000
 0.000000  0.500000  0.100000  0.400000
URL http://jaspar.genereg.net/matrix/MA0213.1

MOTIF MA0221.1 eve
letter-probability matrix: alength= 4 w= 7 nsites= 22 E= 0
 0.136364  0.454545  0.000000  0.409091
 0.045455  0.000000  0.000000  0.954545
 1.000000  0.000000  0.000000  0.000000
 1.000000  0.000000  0.000000  0.000000
 0.000000  0.090909  0.045455  0.863636
 0.000000  0.090909  0.500000  0.409091
 0.772727  0.000000  0.181818  0.045455
URL http://jaspar.genereg.net/matrix/MA0221.1

MOTIF MA0222.1 exd
letter-probability matrix: alength= 4 w= 8 nsites= 17 E= 0
 0.235294  0.235294  0.235294  0.294118
 0.058824  0.000000  0.117647  0.823529
 0.000000  0.000000  0.000000  1.000000
 0.000000  0.000000  0.000000  1.000000
 0.000000  0.000000  1.000000  0.000000
 1.000000  0.000000  0.000000  0.000000
 0.000000  0.705882  0.000000  0.294118
 0.647059  0.000000  0.352941  0.000000
URL http://jaspar.genereg.net/matrix/MA0222.1

MOTIF MA0227.1 hth
letter-probability matrix: alength= 4 w= 6 nsites= 17 E= 0
 0.000000  0.000000  0.000000  1.000000
 0.000000  0.000000  1.000000  0.000000
 1.000000  0.000000  0.000000  0.000000
 0.000000  1.000000  0.000000  0.000000
 0.823529  0.000000  0.176471  0.000000
 0.000000  0.000000  0.666667  0.333333
URL http://jaspar.genereg.net/matrix/MA0227.1

MOTIF MA0242.1 Bgb::run
letter-probability matrix: alength= 4 w= 9 nsites= 29 E= 0
 0.413793  0.068966  0.000000  0.517241
 0.931034  0.000000  0.034483  0.034483
 0.965517  0.000000  0.034483  0.000000
 0.000000  1.000000  0.000000  0.000000
 0.000000  0.965517  0.034483  0.000000
 0.172414  0.034483  0.793103  0.000000
 0.000000  1.000000  0.000000  0.000000
 0.965517  0.000000  0.000000  0.034483
 0.689655  0.000000  0.310345  0.000000
URL http://jaspar.genereg.net/matrix/MA0242.1

MOTIF MA0243.1 sd
letter-probability matrix: alength= 4 w= 12 nsites= 14 E= 0
 0.214286  0.000000  0.571429  0.214286
 0.571429  0.071429  0.071429  0.285714
 0.285714  0.571429  0.071429  0.071429
 1.000000  0.000000  0.000000  0.000000
 0.071429  0.071429  0.000000  0.857143
 0.214286  0.000000  0.071429  0.714286
 0.000000  0.571429  0.000000  0.428571
 0.214286  0.357143  0.214286  0.214286
 0.285714  0.071429  0.142857  0.500000
 0.357143  0.428571  0.214286  0.000000
 0.357143  0.071429  0.500000  0.071429
 0.285714  0.214286  0.285714  0.214286
URL http://jaspar.genereg.net/matrix/MA0243.1

MOTIF MA0244.1 slbo
letter-probability matrix: alength= 4 w= 8 nsites= 12 E= 0
 0.750000  0.083333  0.083333  0.083333
 0.000000  0.083333  0.000000  0.916667
 0.000000  0.000000  0.250000  0.750000
 0.250000  0.166667  0.583333  0.000000
 0.166667  0.833333  0.000000  0.000000
 0.583333  0.166667  0.166667  0.083333
 0.500000  0.416667  0.083333  0.000000
 0.916667  0.083333  0.000000  0.000000
URL http://jaspar.genereg.net/matrix/MA0244.1

MOTIF MA0249.1 twi
letter-probability matrix: alength= 4 w= 12 nsites= 15 E= 0
 0.066667  0.266667  0.200000  0.466667
 0.200000  0.466667  0.200000  0.133333
 0.066667  0.200000  0.666667  0.066667
 0.000000  0.933333  0.066667  0.000000
 0.733333  0.200000  0.066667  0.000000
 0.000000  0.266667  0.066667  0.666667
 0.466667  0.066667  0.333333  0.133333
 0.000000  0.000000  0.000000  1.000000
 0.000000  0.000000  0.800000  0.200000
 0.066667  0.000000  0.133333  0.800000
 0.066667  0.133333  0.133333  0.666667
 0.133333  0.200000  0.533333  0.133333
URL http://jaspar.genereg.net/matrix/MA0249.1

MOTIF MA0254.1 vvl
letter-probability matrix: alength= 4 w= 6 nsites= 11 E= 0
 0.000000  0.181818  0.000000  0.818182
 1.000000  0.000000  0.000000  0.000000
 0.181818  0.181818  0.000000  0.636364
 0.000000  0.000000  0.545455  0.454545
 0.272727  0.727273  0.000000  0.000000
 1.000000  0.000000  0.000000  0.000000
URL http://jaspar.genereg.net/matrix/MA0254.1

MOTIF MA0094.2 Ubx
letter-probability matrix: alength= 4 w= 8 nsites= 20 E= 0
 0.150000  0.250000  0.150000  0.450000
 0.000000  0.000000  0.000000  1.000000
 0.000000  0.000000  0.000000  1.000000
 0.850000  0.000000  0.000000  0.150000
 1.000000  0.000000  0.000000  0.000000
 0.000000  0.000000  0.000000  1.000000
 0.000000  0.000000  0.300000  0.700000
 0.700000  0.000000  0.300000  0.000000
URL http://jaspar.genereg.net/matrix/MA0094.2

MOTIF MA0443.1 btd
letter-probability matrix: alength= 4 w= 10 nsites= 30 E= 0
 0.466667  0.100000  0.233333  0.200000
 0.333333  0.000000  0.666667  0.000000
 0.133333  0.000000  0.600000  0.266667
 0.066667  0.000000  0.933333  0.000000
 0.000000  0.000000  1.000000  0.000000
 0.000000  0.000000  1.000000  0.000000
 0.066667  0.933333  0.000000  0.000000
 0.000000  0.000000  1.000000  0.000000
 0.000000  0.000000  0.666667  0.333333
 0.500000  0.033333  0.333333  0.133333
URL http://jaspar.genereg.net/matrix/MA0443.1

MOTIF MA0445.1 D
letter-probability matrix: alength= 4 w= 11 nsites= 29 E= 0
 0.034483  0.275862  0.241379  0.448276
 0.000000  0.862069  0.000000  0.137931
 0.000000  0.586207  0.000000  0.413793
 0.689655  0.000000  0.000000  0.310345
 0.000000  0.000000  0.000000  1.000000
 0.000000  0.000000  0.103448  0.896552
 0.068966  0.000000  0.931034  0.000000
 0.000000  0.000000  0.000000  1.000000
 0.034483  0.068966  0.137931  0.758621
 0.137931  0.344828  0.206897  0.310345
 0.206897  0.034483  0.034483  0.724138
URL http://jaspar.genereg.net/matrix/MA0445.1

MOTIF MA0446.1 fkh
letter-probability matrix: alength= 4 w= 11 nsites= 27 E= 0
 0.111111  0.000000  0.000000  0.888889
 0.185185  0.000000  0.814815  0.000000
 0.000000  0.000000  0.000000  1.000000
 0.000000  0.000000  0.000000  1.000000
 0.000000  0.000000  0.037037  0.962963
 0.481481  0.000000  0.518519  0.000000
 0.148148  0.481481  0.074074  0.296296
 0.222222  0.259259  0.111111  0.407407
 0.000000  0.407407  0.074074  0.518519
 0.851852  0.000000  0.037037  0.111111
 0.555556  0.148148  0.148148  0.148148
URL http://jaspar.genereg.net/matrix/MA0446.1

MOTIF MA0447.1 gt
letter-probability matrix: alength= 4 w= 10 nsites= 60 E= 0
 0.466667  0.083333  0.416667  0.033333
 0.000000  0.000000  0.000000  1.000000
 0.016667  0.016667  0.050000  0.916667
 0.900000  0.000000  0.100000  0.000000
 0.000000  0.883333  0.000000  0.116667
 0.116667  0.000000  0.883333  0.000000
 0.000000  0.100000  0.000000  0.900000
 0.916667  0.050000  0.016667  0.016667
 1.000000  0.000000  0.000000  0.000000
 0.033333  0.416667  0.083333  0.466667
URL http://jaspar.genereg.net/matrix/MA0447.1

MOTIF MA0449.1 h
letter-probability matrix: alength= 4 w= 10 nsites= 34 E= 0
 0.029412  0.058824  0.882353  0.029412
 0.088235  0.205882  0.500000  0.205882
 0.029412  0.911765  0.029412  0.029412
 0.647059  0.029412  0.294118  0.029412
 0.029412  0.882353  0.029412  0.058824
 0.058824  0.029412  0.882353  0.029412
 0.029412  0.294118  0.029412  0.647059
 0.029412  0.029412  0.911765  0.029412
 0.205882  0.500000  0.205882  0.088235
 0.029412  0.882353  0.058824  0.029412
URL http://jaspar.genereg.net/matrix/MA0449.1

MOTIF MA0197.2 nub
letter-probability matrix: alength= 4 w= 12 nsites= 29 E= 0
 0.068966  0.034483  0.034483  0.862069
 1.000000  0.000000  0.000000  0.000000
 0.000000  0.000000  0.000000  1.000000
 0.000000  0.000000  0.862069  0.137931
 0.000000  0.655172  0.034483  0.310345
 0.827586  0.000000  0.000000  0.172414
 0.965517  0.000000  0.034483  0.000000
 0.965517  0.000000  0.000000  0.034483
 0.137931  0.034483  0.000000  0.827586
 0.206897  0.172414  0.275862  0.344828
 0.655172  0.172414  0.034483  0.137931
 0.137931  0.103448  0.517241  0.241379
URL http://jaspar.genereg.net/matrix/MA0197.2

MOTIF MA0454.1 odd
letter-probability matrix: alength= 4 w= 11 nsites= 15 E= 0
 0.466667  0.333333  0.000000  0.200000
 0.666667  0.333333  0.000000  0.000000
 0.000000  0.933333  0.066667  0.000000
 0.800000  0.000000  0.200000  0.000000
 0.000000  0.000000  1.000000  0.000000
 0.000000  0.000000  0.000000  1.000000
 1.000000  0.000000  0.000000  0.000000
 0.000000  0.000000  1.000000  0.000000
 0.000000  1.000000  0.000000  0.000000
 0.733333  0.200000  0.066667  0.000000
 0.333333  0.266667  0.400000  0.000000
URL http://jaspar.genereg.net/matrix/MA0454.1

MOTIF MA0456.1 opa
letter-probability matrix: alength= 4 w= 12 nsites= 18 E= 0
 0.000000  0.055556  0.833333  0.111111
 0.555556  0.388889  0.055556  0.000000
 0.055556  0.888889  0.000000  0.055556
 0.055556  0.833333  0.055556  0.055556
 0.000000  0.888889  0.055556  0.055556
 0.000000  1.000000  0.000000  0.000000
 0.000000  1.000000  0.000000  0.000000
 0.000000  0.777778  0.000000  0.222222
 0.222222  0.000000  0.722222  0.055556
 0.000000  0.777778  0.111111  0.111111
 0.166667  0.055556  0.222222  0.555556
 0.111111  0.000000  0.888889  0.000000
URL http://jaspar.genereg.net/matrix/MA0456.1

MOTIF MA0459.1 tll
letter-probability matrix: alength= 4 w= 10 nsites= 33 E= 0
 0.606061  0.121212  0.121212  0.151515
 0.878788  0.000000  0.121212  0.000000
 1.000000  0.000000  0.000000  0.000000
 0.939394  0.030303  0.030303  0.000000
 0.000000  0.000000  1.000000  0.000000
 0.000000  0.060606  0.000000  0.939394
 0.000000  1.000000  0.000000  0.000000
 1.000000  0.000000  0.000000  0.000000
 0.939394  0.000000  0.030303  0.030303
 0.515152  0.303030  0.060606  0.121212
URL http://jaspar.genereg.net/matrix/MA0459.1

MOTIF MA0460.1 ttk
letter-probability matrix: alength= 4 w= 9 nsites= 22 E= 0
 0.454545  0.363636  0.136364  0.045455
 1.000000  0.000000  0.000000  0.000000
 0.000000  0.000000  1.000000  0.000000
 0.000000  0.000000  1.000000  0.000000
 1.000000  0.000000  0.000000  0.000000
 0.000000  0.227273  0.000000  0.772727
 0.954545  0.000000  0.000000  0.045455
 1.000000  0.000000  0.000000  0.000000
 0.045455  0.227273  0.136364  0.590909
URL http://jaspar.genereg.net/matrix/MA0460.1

MOTIF MA0529.1 BEAF-32
letter-probability matrix: alength= 4 w= 15 nsites= 3985 E= 0
 0.187202  0.218821  0.284065  0.309912
 0.240652  0.360602  0.212547  0.186198
 0.315182  0.212547  0.328482  0.143789
 0.469511  0.340778  0.189711  0.000000
 0.497365  0.086324  0.168381  0.247930
 0.551066  0.081305  0.254203  0.113425
 0.388206  0.461982  0.149812  0.000000
 0.186951  0.159348  0.000000  0.653701
 0.980678  0.000000  0.019322  0.000000
 0.000000  0.000000  0.000000  1.000000
 0.000000  1.000000  0.000000  0.000000
 0.019322  0.000000  0.980678  0.000000
 0.906650  0.000000  0.093350  0.000000
 0.107403  0.042660  0.000000  0.849937
 0.542535  0.000000  0.197742  0.259724
URL http://jaspar.genereg.net/matrix/MA0529.1

MOTIF MA0530.1 cnc::maf-S
letter-probability matrix: alength= 4 w= 15 nsites= 474 E= 0
 0.299578  0.238397  0.335443  0.126582
 0.717300  0.042194  0.240506  0.000000
 0.000000  0.000000  0.000000  1.000000
 0.000000  0.000000  1.000000  0.000000
 0.858650  0.097046  0.044304  0.000000
 0.000000  0.616034  0.168776  0.215190
 0.168776  0.000000  0.356540  0.474684
 0.164557  0.453586  0.189873  0.191983
 0.286920  0.069620  0.343882  0.299578
 0.050633  0.000000  0.890295  0.059072
 0.000000  1.000000  0.000000  0.000000
 0.776371  0.000000  0.223629  0.000000
 0.280591  0.270042  0.208861  0.240506
 0.466245  0.132911  0.000000  0.400844
 0.451477  0.025316  0.000000  0.523207
URL http://jaspar.genereg.net/matrix/MA0530.1

MOTIF MA0531.1 CTCF
letter-probability matrix: alength= 4 w= 15 nsites= 1902 E= 0
 0.160883  0.460568  0.211882  0.166667
 0.164564  0.603049  0.115142  0.117245
 0.240273  0.201367  0.434280  0.124080
 0.355415  0.412198  0.184017  0.048370
 0.135121  0.375394  0.045741  0.443743
 0.806519  0.000526  0.100946  0.092008
 0.106204  0.000000  0.893796  0.000000
 0.518927  0.000000  0.479495  0.001577
 0.001052  0.002103  0.163512  0.833333
 0.000000  0.000000  1.000000  0.000000
 0.001052  0.000000  0.868559  0.130389
 0.065195  0.864879  0.001577  0.068349
 0.000526  0.000000  0.950053  0.049422
 0.041535  0.796004  0.004206  0.158254
 0.121451  0.406414  0.075710  0.396425
URL http://jaspar.genereg.net/matrix/MA0531.1

MOTIF MA0452.2 Kr
letter-probability matrix: alength= 4 w= 14 nsites= 1296 E= 0
 0.138117  0.325617  0.183642  0.352623
 0.158179  0.145833  0.168210  0.527778
 0.116512  0.297840  0.056327  0.529321
 0.962963  0.000000  0.000000  0.037037
 0.833333  0.166667  0.000000  0.000000
 0.008488  0.902778  0.000000  0.088735
 0.000000  0.908179  0.000000  0.091821
 0.000000  1.000000  0.000000  0.000000
 0.000000  0.155864  0.000000  0.844136
 0.000000  0.000000  0.000000  1.000000
 0.000000  0.087191  0.000000  0.912809
 0.087191  0.307870  0.178241  0.426698
 0.245370  0.248457  0.219907  0.286265
 0.162809  0.334877  0.168981  0.333333
URL http://jaspar.genereg.net/matrix/MA0452.2

MOTIF MA0534.1 EcR::usp
letter-probability matrix: alength= 4 w= 15 nsites= 104 E= 0
 0.278846  0.346154  0.375000  0.000000
 0.576923  0.115385  0.307692  0.000000
 0.182692  0.096154  0.721154  0.000000
 0.048077  0.028846  0.336538  0.586538
 0.086538  0.000000  0.000000  0.913462
 0.115385  0.634615  0.000000  0.250000
 0.711538  0.000000  0.288462  0.000000
 0.326923  0.105769  0.048077  0.519231
 0.000000  0.000000  0.000000  1.000000
 0.000000  0.000000  1.000000  0.000000
 0.634615  0.317308  0.000000  0.048077
 0.471154  0.528846  0.000000  0.000000
 0.201923  0.548077  0.000000  0.250000
 0.000000  0.326923  0.000000  0.673077
 0.230769  0.269231  0.000000  0.500000
URL http://jaspar.genereg.net/matrix/MA0534.1

MOTIF MA0237.2 pan
letter-probability matrix: alength= 4 w= 14 nsites= 71 E= 0
 0.000000  0.000000  0.478873  0.521127
 0.000000  1.000000  0.000000  0.000000
 0.000000  0.000000  1.000000  0.000000
 0.000000  0.281690  0.563380  0.154930
 0.098592  0.605634  0.042254  0.253521
 0.154930  0.140845  0.267606  0.436620
 0.098592  0.563380  0.000000  0.338028
 0.000000  0.422535  0.211268  0.366197
 0.000000  0.000000  0.000000  1.000000
 0.000000  0.000000  0.000000  1.000000
 0.000000  0.000000  0.154930  0.845070
 0.154930  0.126761  0.577465  0.140845
 0.478873  0.000000  0.295775  0.225352
 0.309859  0.000000  0.000000  0.690141
URL http://jaspar.genereg.net/matrix/MA0237.2

MOTIF MA0535.1 Mad
letter-probability matrix: alength= 4 w= 15 nsites= 102 E= 0
 0.000000  0.470588  0.460784  0.068627
 0.343137  0.254902  0.127451  0.274510
 0.000000  0.137255  0.862745  0.000000
 0.343137  0.000000  0.549020  0.107843
 0.000000  1.000000  0.000000  0.000000
 0.000000  0.000000  1.000000  0.000000
 0.225490  0.637255  0.000000  0.137255
 0.000000  0.696078  0.303922  0.000000
 0.284314  0.000000  0.715686  0.000000
 0.284314  0.382353  0.333333  0.000000
 0.107843  0.519608  0.245098  0.127451
 0.284314  0.000000  0.715686  0.000000
 0.117647  0.470588  0.264706  0.147059
 0.313725  0.333333  0.156863  0.196078
 0.107843  0.274510  0.617647  0.000000
URL http://jaspar.genereg.net/matrix/MA0535.1

MOTIF MA0917.1 gcm2
letter-probability matrix: alength= 4 w= 8 nsites= 1000 E= 0
 0.730000  0.111000  0.159000  0.000000
 0.000000  0.012000  0.000000  0.988000
 0.235000  0.024000  0.741000  0.000000
 0.047000  0.800000  0.141000  0.012000
 0.070929  0.000000  0.752248  0.176823
 0.000000  0.000000  1.000000  0.000000
 0.000000  0.000000  1.000000  0.000000
 0.055944  0.351648  0.092907  0.499500
URL http://jaspar.genereg.net/matrix/MA0917.1

MOTIF MA0086.2 sna
letter-probability matrix: alength= 4 w= 13 nsites= 1000 E= 0
 0.241000  0.200000  0.309000  0.250000
 0.128000  0.324000  0.264000  0.284000
 0.454000  0.057000  0.387000  0.102000
 0.835000  0.007000  0.114000  0.044000
 0.005000  0.984000  0.006000  0.005000
 0.984000  0.004000  0.007000  0.005000
 0.087000  0.004000  0.903000  0.006000
 0.005000  0.004000  0.986000  0.005000
 0.005000  0.004000  0.007000  0.984000
 0.009990  0.004995  0.975025  0.009990
 0.042000  0.455000  0.184000  0.319000
 0.535000  0.139000  0.147000  0.179000
 0.290000  0.244000  0.230000  0.236000
URL http://jaspar.genereg.net/matrix/MA0086.2

